Sketches 4
Sketch 1 0 0 0 0 0 1 1 0 0 0 1 0 1
Polyline 0 0 0 0 0 1 1 0 0 0 1 0 5 1.08664 2.90015 3.03965 2.90015 3.03965 1.3583 1.08664 1.3583 1.08664 2.90015
Sketch 2 0 0 0 0.57735 0.57735 0.57735 0 0.707107 -0.707107 -0.816497 0.408248 0.408248 1
Polyline 0 0 0 0.57735 0.57735 0.57735 0 0.707107 -0.707107 -0.816497 0.408248 0.408248 5 -1.18943 1.04993 1.08664 1.04993 1.08664 -0.961821 -1.18943 -0.961821 -1.18943 1.04993
Sketch 4 0.310441 1.13276 -0.403974 0 -0.707107 0.707107 0 0.707107 0.707107 -1 0 0 2
Polyline 0.310441 1.13276 -0.403974 0 -0.707107 0.707107 0 0.707107 0.707107 -1 0 0 5 2.52022 1.58797 1.29499 1.58797 1.29499 2.43966 2.52022 2.43966 2.52022 1.58797
Polyline 0.310441 1.13276 -0.403974 0 -0.707107 0.707107 0 0.707107 0.707107 -1 0 0 5 -0.146842 0.447871 0.352424 0.447871 0.352424 0.0807637 -0.146842 0.0807637 -0.146842 0.447871
Sketch 6 0.31044 -0.476659 1.20545 0 0.707107 -0.707107 0 -0.707107 -0.707107 -1 0 0 1
Polyline 0.31044 -0.476659 1.20545 0 0.707107 -0.707107 0 -0.707107 -0.707107 -1 0 0 5 -0.381791 0.800294 0.102789 0.800294 0.102789 0.418502 -0.381791 0.418502 -0.381791 0.800294
Features 4
Extrude 3 2 1.2 0.57735 0.57735 0.57735
Extrude 5 4 1 0 -0.707107 0.707107
Extrude 7 6 3.1 0 0.707107 -0.707107
Extrude 8 1 0.8 0 0 1
